11111111111111111011111110000000000000000000000000
11111111111111111111111110000000000000000010000000
00000000000000000000000010000000000000000010000000
11111111111111111011111110000000000000000000010000
11101111111111111111111110000000000000000000000100
11111111111111111011111110001000000000000000000000
00000001000000000000000010000000000000000100000000
00000000000100000000000010000000000000000100000000
00000000000000000000000010000000000000000000000101
00000000000000000000000010000000000000000000000101
00000000000000000000000010000000000000000000000101
00000000000000000000000010000000000000000000000101
00000000000000000000000010000000000000000000000101
00000000000000000000000010000000000000000000000101
00000000000000000000000010000000000000000000000101
00000000000000000000000010000000000000000000000101
01111111111111111111111110000000000000000100000001
00000000000000000100000010000000000000000000000101
00000000000000000100000010000000000000000000000101
00000001000000000000000010000000000000000000000101
00000000000000000000000010000000000000000000010101
01111011111111111111111110000000000000000100000001
00000000000000000100000010000000000000010000000101
00000000000100000100000010000000000000000000000101
11111101111111111011111110000000000000000000010111
00000000000001000000000010001001000000000100000001
00000000000000000100000010000000000000000001100101
00000000000000000000000010001000000000100000010101
11111111111111111111111001100000000011000010000000
00000000000000000000000001111111111111111111101111
00000000000000000000000001111111111111111111101111
00000000000000000100000001111111111111111111111111
00010000000000000000000001111111111111111111111111
10000001000000000000000010000000000000000001100101
11111011111111111100000010000000000000000000000010
00000000000000000000000001111111111111111101101111
00000000000000001000000001111111111111111111101111
00000000000000001000000001111111111111111111101111
00000000000000000000000110000000000000000000111111
00000000000000000000000001111111111111101001111111
00000000000000000000000001111111111111101001111111
11111111111111111111111101111111111111111101111110
11101111111111111111111111111111111111111101111110
11111111111111111011111111111111111111111101111000
11111011111111111111111101111111110111111110111111
11111111111111111101111010111111111111111111111111
11111011111111111111111101111111111111111111000010
11111111111111111111110001111011111111111111110111
11111011111111111111010001111111011111111111011010
11111111111111111111111110000000000000000000000000
11111111111111111111111110000000000000000010000000
11111101110111111111111110000111111111111111110111
11111110111111111111111110000000000000000000000100
11101111111111110100000001111111111111111111111110
01111111111111111111111110000000000000000100000001
11111101111111111011011110000000000000000000000000
11111111111110000000111011111111111111111111110111
11111111111111111110000110000111111111111111110110
11111111111111111011111101111110111100000001110111
00000000000000000000000001111111111111111101111111
01111111111111111011111110001000000000000100000001
00000000000000000000001111111111111111111111111111
11111111111111111011110011011000000000000000010000
00000000000000000000100001111111111111111110011111
00000000000010000000000011111111111111111111111101
11111101111111111011111110000000000000000000010111
00000000000000001000001101111111111111111101101111
11010111111111111011111111111110111111110000000100
11101111111111100001111110000000000000000000000100
00000000000000000100000011111101111111111101111111
01000000000000010000000001111110111110111111111001
00000000000000000000001111111110011111111111111111
00000000000000000000000001111110111111101001111111
00000000000000011100001111111110111111111111111111
00000000000000000110000011111111101111111101111111
00111011111111111111111110000000000000000100000111
11100000000000011111110001111111111111111111111000
11111011111111111100001010000000000000000000001010
00000000000000000100000011111111111111101001111011
00000000000000001111111111111111111111111101111111
11101111111101100001111110000000001000000000000100
00011111111111111000000001111111111111101001111111
00011111111111100000000001111111111011111111101111
11101111111111111111000010000000000000011101111000
00000000000000000000000010000111111111111111111001
00000001000000000000000010000000000000000100000000
00000000000000000000000000000000000000000000000101
00000000000000000000000010000000000000000000000001
01100000001111111111111110000000000000000100000001
00000001111011111111111110000000000000000100000100
11111111111111000100000001111110111110111111000100
00000001010000000000001010000000000000000100000000
00000000000000000000000010000000000100000100000001
00000000000000000000000010000000000000000000000101
00000000000000000000000010000000000000000000000101
00000000000000000000000010000000000000000000000101
00000000000000000000000010000000000000000000000101
00000000000000000000000010000000000000000000000101
00000000000000000000000010000000000000000000000101
00000000000000000000000010000000000000000000000101
